-143.862646192
-122.33410551
-166.268964933
-142.230231901
-140.890256651
-155.018096577
-135.508233835
-145.393209611
-163.532708295
-158.669005167
-161.312321611
-167.958674637
-170.012505864
-151.800672856
-150.103052988
-163.022462435
-160.928447153
-200.485842736
-160.940126058
-154.792697089
-200.815960489
-161.048294883
-144.322221788
-181.127490418
-175.846257234
-163.900238412
-150.666641189
-173.862033058
-163.39185557
-168.498001231
-138.485795918
-168.587065013
-184.420879479
-165.830330189
-168.626967139
-157.0095357
-157.999590653
-156.825533881
-133.283304004
-158.45800626
-174.054832904
-159.289609887
-149.654233385
-142.781767116
-199.327055184
-129.693725222
-177.591771061
-158.481123517
-151.636129497
-165.653262887
-146.589474205
-141.00480691
-157.804423301
-151.471824727
-151.368395841
-151.496066125
-124.188319401
-147.959003896
-135.931351691
-149.232637354
-143.748169513
-159.120674415
-133.254507514
-155.555770918
-148.659626788
-140.158069291
-156.123006057
-177.253122606
-161.182337421
-191.516657416
-135.503628219
-150.424864686
-171.743079497
-163.127256212
-177.127066947
-164.000648941
-161.312927687
-204.244423889
-160.365364541
-180.247233711
-136.439968251
-153.522104702
-169.525541038
-175.533098242
-139.249352574
-155.393664681
-163.940336295
-144.581332402
-170.520526176
-177.361779706
-166.138428766
-159.089054507
-162.924636527
-156.12240979
-143.066600579
-183.247274831
