split 1
mean: 0.405024080233, int_left: 0.402969001375, int_right: 0.40707915909
std: 0.00715850382511
0.40763730174
0.400626780469
0.39877636121
0.381836230235
0.411836928644
0.405499436427
0.40908993317
0.406967129261
0.411270585557
0.404723655819
0.410204675996
0.405920846996
0.415264852348
0.400833816746
0.400574666589
0.411740462166
0.413825546111
0.398809878468
0.402119434185
0.409924763603
0.404125172267
0.397421160322
0.404430551411
0.411711222054
0.401739458385
0.41596146383
0.409916583963
0.391498686546
0.407244343568
0.407668778963
0.40337552498
0.390165983516
0.411421550647
0.40636073055
0.40821594893
0.402070099748
0.399997748211
0.398586322979
0.408951542537
0.397248016783
0.413905097191
0.393236211972
0.398206365307
0.404553562112
0.405425097526
0.416666122196
0.414478310773
0.411659173661
0.409749238488
0.397730656473
split 2
mean: 0.398705199609, int_left: 0.396469092175, int_right: 0.400941307043
std: 0.00778908486077
0.405150060013
0.386807868624
0.402938566278
0.382772684515
0.409084435716
0.386689832381
0.391988777163
0.403349937429
0.402351943881
0.399227743712
0.403945238722
0.391393340702
0.387002156377
0.404983970447
0.395369873766
0.401056472273
0.378861574388
0.398843385431
0.393373816103
0.404320311403
0.407808264305
0.413981365457
0.398104754251
0.404745396864
0.395837889157
0.400222182746
0.406784396524
0.397971754888
0.404580483626
0.401885944899
0.394072576537
0.400702217779
0.407994062275
0.395513550057
0.411241133045
0.399628216902
0.407164156934
0.392192343027
0.398485489347
0.402296289778
0.39151287096
0.382771715491
0.39870107631
0.399470554254
0.389453117029
0.402488867478
0.391662076404
0.403246058314
0.394527200445
0.410701986038
split 3
mean: 0.38626210215, int_left: 0.383933996432, int_right: 0.388590207867
std: 0.00810954461483
0.396278151466
0.388965199082
0.392104319776
0.394696129529
0.380885707502
0.394025109723
0.390318791432
0.387126237553
0.38701965719
0.386587299803
0.376727168097
0.385521531906
0.394518798478
0.384478828005
0.390785972841
0.379900362111
0.398223899965
0.382142756047
0.379802030935
0.390599518108
0.387768898442
0.368924343151
0.392245645377
0.391283512687
0.368882024963
0.382140232068
0.396877873282
0.399244312664
0.381356119848
0.389217807111
0.379323577207
0.387773401255
0.394067774569
0.37789277571
0.39800685414
0.386648114785
0.382402336964
0.375654490997
0.368478602901
0.387068065921
0.393154529882
0.389701145227
0.381271306727
0.395261250586
0.375352994027
0.368149107477
0.382446202545
0.397551836716
0.389039266941
0.385213233758
split 4
mean: 0.387541952677, int_left: 0.385365302719, int_right: 0.389718602634
std: 0.00758197525501
0.393920907008
0.38578010688
0.389645254589
0.401559874874
0.395763840684
0.381197301977
0.385405664062
0.378814084886
0.387414764956
0.38978287812
0.373813666761
0.386126963484
0.384048694627
0.396374820993
0.38816440653
0.373560322406
0.379795695557
0.395057190168
0.390119058981
0.383926719328
0.392412281366
0.381899429764
0.400391750643
0.393222129454
0.386787983849
0.376777246919
0.387978815576
0.385803769822
0.393889736751
0.392705592291
0.378853785266
0.38135742732
0.39179895677
0.402360246525
0.387184875571
0.37211361723
0.382369500372
0.394796280681
0.406190024237
0.391949326835
0.389235436121
0.384157097078
0.387545873873
0.378252349453
0.397928726207
0.382740179397
0.390087152058
0.384774733931
0.382400038672
0.378861052921
