split 1
mean: 0.5019092714, int_left: 0.501031409062, int_right: 0.502787133738
std: 0.00305787823316
0.503201305781
0.502947675255
0.502446110588
0.498384825858
0.498263674031
0.500437995593
0.497218883972
0.505288041393
0.500146618069
0.506327816064
0.501934137881
0.497923599874
0.500296500188
0.503640668072
0.501401005798
0.503629095356
0.501885446401
0.502947851105
0.502126140347
0.505717435888
0.507130409835
0.507056171906
0.495535653546
0.503718572228
0.500779192032
0.501985509169
0.500958562907
0.503156885262
0.500314075407
0.499953041732
0.501794385717
0.508536902211
0.504111112382
0.498976564333
0.50044324905
0.503257779456
0.501497639721
0.498270949271
0.50052463224
0.501802436486
0.501354498044
0.501900911172
0.506758534346
0.508625579181
0.504742996034
0.503089232675
0.496147524064
0.501550612333
0.499667558595
0.495657571151
split 2
mean: 0.505853142444, int_left: 0.504796071151, int_right: 0.506910213737
std: 0.00368212093967
0.514450389823
0.499386700376
0.505729128123
0.510558273484
0.503992297581
0.501773816178
0.504051066395
0.504149640513
0.506130434612
0.507705023717
0.501603017796
0.511104957922
0.504426050273
0.511339545604
0.511221271129
0.506091240813
0.503360622188
0.50845214701
0.505763621936
0.504366247878
0.508054403666
0.507863522741
0.508500180349
0.504608227035
0.507663050339
0.507182728679
0.501079321872
0.508786634492
0.496455479152
0.502643954575
0.504394801551
0.504826984552
0.506036743218
0.501182186577
0.509754348451
0.506664053015
0.506076004376
0.498673262865
0.509117937829
0.503668764719
0.510003640813
0.509120125464
0.51060933745
0.499737917059
0.508460641462
0.50161671246
0.508642019798
0.503732934224
0.507154819559
0.504690890507
split 3
mean: 0.502271991717, int_left: 0.501398464203, int_right: 0.50314551923
std: 0.00304277863756
0.50576247179
0.500931182434
0.507486507671
0.501118878618
0.503228394498
0.498296605725
0.500493861243
0.50453596494
0.507298124305
0.498497388334
0.502258671526
0.501592662452
0.502051510704
0.503659140175
0.501862278962
0.506298035413
0.498423834956
0.500098628665
0.503376873867
0.498405916637
0.503230390327
0.495912719603
0.499003822279
0.503290458169
0.503956293376
0.506117494435
0.50237207563
0.50185858987
0.5004274437
0.504960138333
0.507976120426
0.50370757815
0.507463357699
0.507139191183
0.499596399941
0.49932104275
0.501095922148
0.506022677941
0.500544263376
0.496859042944
0.501705995675
0.499907031285
0.500480630077
0.497580800218
0.503488251937
0.500978404101
0.503649415615
0.506588146136
0.498650414462
0.504038541128
split 4
mean: 0.505295899521, int_left: 0.504179984105, int_right: 0.506411814936
std: 0.00388709403687
0.501806536122
0.505037963705
0.509117134069
0.494978355207
0.500797339652
0.508517909099
0.509870717729
0.501203915462
0.506500387373
0.510028031199
0.504372006938
0.50804652691
0.507640909541
0.508309454679
0.506241918236
0.50788122275
0.504658194819
0.503168700856
0.5043446415
0.503654817221
0.49970271341
0.503635015929
0.50783778075
0.510136151836
0.50696282425
0.508722882102
0.50704424209
0.500929803717
0.515567233446
0.507559538427
0.501230745711
0.506156495592
0.507070222378
0.501133055449
0.509208517704
0.502971879124
0.50153714427
0.501452689587
0.4980431749
0.511758530179
0.503705548559
0.499266439919
0.504716294934
0.511025990325
0.503702899839
0.506519786325
0.501442434731
0.506003711077
0.507819245399
0.505755301006
