split 1
mean: 0.0560229371346, int_left: 0.0548347265402, int_right: 0.0572111477291
std: 0.00413892150856
0.0562050214827
0.058396418012
0.060003186011
0.0685178868556
0.0535900220734
0.0585789248923
0.0541088510176
0.0560449051509
0.0521483405895
0.0559698775188
0.0528361596014
0.05505314816
0.0520147447859
0.0563428350295
0.0545827126969
0.0516803852341
0.0499428643507
0.0600681989399
0.0603709264076
0.0506785555335
0.0549463607596
0.0597009429292
0.057361707967
0.0513541471369
0.0575366137527
0.0515877375616
0.0515657315346
0.0635696521127
0.0521209143181
0.054955314993
0.0570552003807
0.0632396067375
0.0500818388543
0.0522839345038
0.0559093706699
0.0569518369561
0.0593787762588
0.0611253329837
0.0515051288238
0.0609380328021
0.0529328461234
0.0644997353709
0.0580334113291
0.0589331513106
0.0592761970105
0.0496548860241
0.0547414457711
0.0533031478916
0.0535564332664
0.0559134562535
split 2
mean: 0.0600897125533, int_left: 0.0587260431036, int_right: 0.061453382003
std: 0.00475010140661
0.0605588370462
0.0697739393029
0.0546280380328
0.0708164243477
0.0518546563566
0.0673925268781
0.0629887821164
0.0575792531386
0.058079071162
0.0588208305714
0.0587251289323
0.0623611243232
0.0666751877709
0.0545052957338
0.0601171951296
0.0624302638418
0.071590498865
0.062517569775
0.0621190208191
0.055779323994
0.0595615872287
0.0572532209525
0.0577963302679
0.0573609674405
0.0618605565405
0.0543651522581
0.0548251150549
0.0605427138665
0.0543213486336
0.0526158017853
0.0613523229933
0.0613089293726
0.0592476824536
0.0624714166346
0.0547069580333
0.0590259928693
0.0551254542596
0.0623007333227
0.0588199507534
0.0552389375842
0.0641789367234
0.0715218024165
0.0586065830139
0.0610764732009
0.0653284231792
0.0572832206588
0.0645600514124
0.0574643502746
0.059212436543
0.0558392097999
split 3
mean: 0.0730466869846, int_left: 0.0706151830098, int_right: 0.0754781909594
std: 0.00846971416235
0.065244730183
0.0727754824897
0.071158427354
0.0673423536517
0.0758107166659
0.0598142357377
0.070019086602
0.0717674677329
0.0706381309208
0.0833267148686
0.0830774478071
0.0762114632934
0.0735756270526
0.079458671631
0.0679658932358
0.0745854521395
0.0573806440047
0.0763908370682
0.0799837201515
0.0674128194131
0.0688911166723
0.0897202857382
0.0631561378619
0.0668693260529
0.0893096552144
0.0745737720583
0.067125236144
0.0604009303696
0.0828978915275
0.0741499409736
0.0786956897095
0.0645923469762
0.0613301041001
0.0812085092948
0.0614155557956
0.0712513506729
0.0705998379593
0.077212279195
0.0886076364809
0.0696601460464
0.0649656248274
0.0649337939525
0.085920833697
0.0656419557566
0.0900668521854
0.0877307983016
0.0780739436716
0.0649246687967
0.0707456075832
0.0737225996117
split 4
mean: 0.0735495105183, int_left: 0.0711856538243, int_right: 0.0759133672122
std: 0.00823407682076
0.0602112221353
0.0775766564224
0.065510984858
0.0657160076664
0.0693261243625
0.083229756583
0.0747976244111
0.0732656647799
0.0785291072044
0.0709168958812
0.0832512651845
0.0703893648114
0.0837452193179
0.062932619879
0.0788464746134
0.0846928195004
0.0814344328946
0.0619008863739
0.0794241374876
0.0744022193226
0.0647706579146
0.0737910715781
0.0559869824657
0.0781351633345
0.0698027425033
0.0784470032969
0.0760599173697
0.0773278108588
0.0643923033317
0.0695373797318
0.0826903152902
0.0777891944348
0.0722807899571
0.0573366597226
0.0669415007738
0.0830114837418
0.0835687488984
0.0591786886801
0.0609700016912
0.0858377019042
0.0699143815139
0.0810302971897
0.0801922078602
0.075916251412
0.064259271341
0.0734288602872
0.0735008119075
0.0706444568315
0.080429072236
0.0902043141651
