-177.880236402
-128.922187079
-167.8237417
-212.600207017
-165.504507318
-170.874222756
-195.893997373
-176.560344582
-174.752107655
-185.804258274
-187.781130772
-194.417105175
-250.146502057
-197.752114937
-170.526348511
-139.610021283
-180.548514657
-134.371059866
-159.750613804
-143.949056544
-223.88014385
-177.980509412
-176.688926863
-215.906910036
-186.376231017
-186.687499403
-179.164541244
-159.913344564
-182.438619053
-207.106394737
-154.053543521
-141.967139865
-194.372638002
-127.943439678
