 128 127 1021 1023 1022
   128 127 1023 1022
     128 1023 127
       128 126 127
         771 770 773 127 772 126
           127 771 770 773 772
             127 771 773 772
               127 773 772
                 773 127
                   151 517 127
                     151 150 517 71 149
                       151 331
                         151 331 330
                           330 1217
                             1216 1217 330
                               1216 330 1217 1215
                                 1215 1216 330 1214 1217
                       150 500
                         503 500
                           502 503 500
                             502 500 501
                         150 500 1221
                       151 150 225 71 517
                         151 150 225 517 516
                           151 516 1088
                             1087 1088 516
                               1087 1089 516
                                 1087 1086 516
                           515 517 516
                             515 514 517 516
                             674 515 516
                           346 516
                             216 346 516
                               216 346 788 516
                               216 252 346
                                 252 216 346 347
                                   252 216 346 347 345
                                 216 252 218
                                   216 218 220
                                     216 220 218 219
                                       216 220 224 218 219
                                         216 1041 224 218
                                       216 220 222 219
                                         216 1452
                                         216 136
                                           136 729
                                             587 136 729
                                               136 135
                                               586 587 136
                                                 586 587 585 136
                                           216 223 136
                                         216 220 222 221 219
                                           219 221 343
                                             219 343 221 1145
                                               342 343
                                                 692 342
                                                 344 342 343
                                               1145 219 697 343
                                                 697 695
                                                   698 697 695
                                                     698 696 697 695
                                                       698 696 697 694 695
                                                         693 696 697 694 695 698
                                                   695 718
                                                     717 695 718
                                                       717 716 695 718
                                                         717 716 715 695 718
                                                 1397 1145 343 697 219
                                                   697 343 1397 1396 1145 219
                                                     697 1145 1397 1396 1395 343 219
                                                       697 1145 219 343 1397 1396 1395 1394
                                                   219 1283 1145
                                                     219 1282 1283 1145
                                               1561 1145 219
                                                 1560 1561 1145 219
                                         473 222 219
                                           473 985
                                             473 984 985
                                               983 984 985
                                                 983 986 984
                                               473 984 1092 985
                                               472 473 984
                                                 472 473 1091 984
                                                 472 473 474
                                   216 252 218 217
                                     252 216 251 218 217
                                     216 217 218 48
                                       50 48
                                         50 48 49
                                           47 50 48 49
                         151 150 225 71 301
                           150 225 71 97 301
                             150 225 97 96
                               1177 150 96
                               150 225 94 97 96
                                 99 94 97 96
                                   702 96
                                     701 702 96
                                       700 701 702 96
                                   1482 96
                                     1482 1481 96
                                   99 708 94 97 96
                                     99 100 94 97 96
                                   98 94 97 96
                                     98 95 94 97 96
                             150 97 756 71 301
                               71 756 97 72
                                 71 69 756 97 72
                                   69 310 97
                                   71 69 72 97 709
                                     69 709 97 710
                                       69 1083
                                         69 1083 1082
                                   235 72
                                     234 235
                                       234 235 233
                                   443 72
                                     443 738 72
                                     443 739
                                       443 676
                                         443 675 676
                                           1558 676
                                             1558 676 1557
                                               1558 676 1557 1556
                                           443 442
                                   69 758 756 72
                                     69 758 757 72 756
                                       977 69 758 757 72
                                   69 72 71 70
                               150 756 97 301
                                 150 78 756 301
                                   301 131 756 78
                                     774 131 34 756 78
                                       774 131 78 30 51 34
                                         33 131 30 51 34
                                           33 54 30 51 34
                                             33 54 51 53 34
                                               33 54 839 34
                                                 33 509
                                                   33 508 509
                                                     33 507 508 509
                                                       33 507 190 508 509
                                                 33 54 34 1550
                                                   33 1550 34 1551
                                                 33 485
                                                 33 54 1529
                                                 33 464
                                                   464 466
                                                     465 464 466
                                                 33 377
                                                   1348 377
                                                     1348 377 1347
                                                   33 377 376
                                                     33 375 377 376
                                                       378 375 377 376
                                                       33 376 375 377 1295
                                                       1263 375 377 376
                                                 33 54 489
                                                   33 54 489 488
                                               33 54 51 53 52
                                                 1470 53
                                                   1470 1469 53
                                                     1470 1469 1468 53
                                                       1470 1469 1315 53 1468
                                                         1316 1315
                                                           1316 1315 1314
                                                             1316 1315 1314 1313
                                                               1316 1315 1314 1313 1312
                                               33 54 562 53 34
                                                 54 33 561 562 53 34
                                                   54 33 561 562 134 53 34
                                                     54 33 561 562 53 34 133 134
                                                       33 54 562 53 34 133 132 134 561
                                                         33 132 1229 54
                                                           33 132 54 1229 1228
                                                   1025 53
                                                     1025 1024 53
                                               33 51 1008
                                             33 54 34 30 840
                                               33 54 840 1191 34
                                                 33 840 1191 54 1190 34
                                         774 547 78 30 51 34
                                           30 547 78 596
                                             46 596 78
                                               46 428
                                                 46 428 1362
                                                   46 428 1362 1361
                                                 429 428
                                               46 45
                                                 46 44 45
                                                 612 45
                                                   612 45 611
                                                     612 611 609 45
                                                       610 45 609
                                               46 194
                                                 46 194 191
                                                   46 191 193
                                                     46 1363
                                                     46 191 193 192
                                                 194 956
                                                   194 1385
                                                     1384 194 1385
                                                   194 955 956
                                                     194 1138 956
                                                       194 1138 1135 956
                                                         194 1137 1135 956
                                                           194 1137 1136 1135 956
                                             329 596 547 30
                                               416 30 329 596
                                                 329 416 30 327 596
                                                   402 416 329 327 30
                                                     417 402 327
                                                     32 30
                                                       32 31 30
                                                     416 1408 327
                                                       416 1408 1407 327
                                                         416 1408 1407 327 1406
                                                           416 1408 327 1407 1406 1405
                                                             416 1408 327 1407 1406 1405 1404
                                                     327 416 329 402 328
                                                       328 329 326 327
                                                         328 327 1189
                                                     30 894 402 327
                                                     403 402
                                                       278 403 402
                                                         278 403 402 277
                                                           278 405 403 402 277
                                                             405 404 403 402 277 278
                                                               405 404 403 402 401 277 278
                                                             278 276 277
                                                           278 403 595 277
                                               329 547 1389
                                           774 34 51 547 78
                                             774 654 893 547 51 34
                                               774 654 893 34 657
                                                 657 654 1130 774 34
                                                 657 654 893 655 34
                                                   657 654 893 652 655 34
                                                     654 655 652 653
                                                     656 654 655 652
                                                 654 864
                                                   654 864 863
                                                 654 865 34
                                               774 654 893 51 547
                                                 774 654 893 547
                                                   774 654 893
                                                     774 893
                                                       893
                                                 654 56 51 547 893
                                                   654 893 547 55 56 51
                                                     57 51
                                                       57 51 58
                                                       685 57
                                                     55 56 934
                                                       55 90
                                                     55 56 1461
                                                     547 1239
                                                     55 56 184
                                                       186 184
                                                         186 1415
                                                           186 1414 1415
                                                             1414 1413 186 1415
                                                               186 1413 1414 1415 1162
                                                                 1162 1163
                                                                   114 1162 1163
                                                                     114 113
                                                         186 184 185
                                                     546 547
                                       774 34 761 756 78
                                         763 761 756 34
                                           762 763 761 756 34
                                             760 756 34
                                         775 774 761 756 78
                                           775 761 756 78 765
                                             775 756 765 761 764 78
                                               775 892 756 761 764 765
                                               1123 756 78
                                               121 765 764 78
                                                 121 550
                                                   121 549 550
                                                     121 548 549 550
                                                     121 1030 550
                                                 1005 78
                                                 121 1255 764 765
                                                 1172 78
                                                 120 121
                                                 1122 78
                                                   1121 1122 78
                                           759 756 78
                                             371 759 78
                                               371 309 78
                                                 371 867
                                                   371 867 866
                                                 308 309 78
                                                   308 309 305 78
                                                     308 78 305 307
                                                       268 307
                                                         268 266 307
                                                           268 266 265 307
                                                             268 266 265 945
                                                               944 268 266 265 945
                                                                 263 945 266 265 944 268
                                                                   263 269 268 266 265
                                                                     263 267 266 265 269 268
                                                                       263 267 266 265 264 269 268
                                                                         263 262 267 266 265 264 269 268
                                                             590 307
                                                               590 592
                                                                 591 590 592
                                                                   591 590 592 589
                                                                     591 590 589 1181
                                                                       591 590 1181 1180 589
                                                             908 268 266 265 307
                                                       308 307 305 306 78
                                                     308 1040
                                                       308 1039 1040
                                                     309 490 78
                                                       309 490 491
                                                       490 492
                                                       309 490 493
                                                     308 1549
                                                 371 370 78
                                           775 774 761 776
                                     301 131 203
                                       301 203 316
                                         301 203 303
                                           303 499
                                             303 1417
                                               303 1416 1417
                                                 1026 1416 303 1417
                                                   1027 1026
                                           301 203 303 302
                                             302 1182
                                             301 302 304
                                         301 203 317 316
                                         638 301 316
                                           638 301 316 639
                                             638 301 316 162 639
                                               162 163
                                             638 301 463
                                               463 462
                                                 461 463 462
                                                   461 460 463 462
                                           638 640
                                   281 150 78
                                     641 78
                                     281 150 1342
                                       281 150 1342 1178
                                         281 1081
                                     1197 78
                                       78 1197 1196
                                         78 1195 1197 1196
                                     281 576
                                       281 576 574
                                         281 575 574
                                           281 283 574
                                             281 283 282
                                               281 283 282 285
                                                 281 283 282 285 284
                                                   281 283 1451
                                                   281 280 283 282 285 284
                                                     280 281 279 283 282 285 284
                                               450 282
                                     80 78
                                       80 79 78
                                         77 80 79 78
                                     78 853
                                       853 78 646
                                     281 1344
                                       281 1343 1344
                       152 517 149
                       1341 517
                       151 964 517
                         964 151 517 963
                       158 71
                         158 71 157
                       71 737
                         71 737 736
                     151 1460 517 127
