-142.054351577
-116.385623067
-166.167522724
-134.335241891
-135.314251412
-151.287779592
-128.863784586
-144.188167673
-158.827483395
-147.26420388
-157.102235668
-161.912684782
-162.565534719
-142.920068062
-144.634774599
-158.881589367
-158.564137356
-195.818663158
-149.792870506
-147.109660478
-187.365005471
-156.30364043
-143.100259059
-177.951509301
-175.029166226
-159.640563491
-142.266360338
-167.242496895
-158.003917535
-161.683044204
-131.771725625
-161.27598716
-175.752294966
-157.020237716
-163.498886123
-155.696434735
-152.667080223
-156.872531574
-127.032729465
-154.856101398
-167.743020678
-155.435875571
-137.967941309
-140.933353005
-190.439182992
-121.700383035
-173.400279748
-150.418604372
-144.442203262
-157.299847085
-141.507548265
-138.500263856
-152.34327513
-147.195476734
-149.601973215
-147.352164309
-117.958904671
-138.78051424
-130.686365003
-145.09266837
-138.5516832
-156.31678236
-130.410632982
-153.552125309
-145.291814433
-134.576052533
-152.516617143
-164.750736209
-157.471043451
-190.84773746
-129.740254946
-146.106054804
-167.072903424
-154.542268755
-169.364272602
-156.91225611
-154.872238796
-189.517516579
-153.403833502
-171.50068622
-131.685227663
-152.167989468
-161.778300258
-171.791818512
-136.098159694
-154.655235106
-160.515475063
-141.571397282
-166.512096754
-169.835907843
-159.650682507
-155.621232549
-156.336596997
-145.915614779
-141.436549186
-181.006225502
