-139.326666812
-114.585547169
-157.439140957
-135.144523383
-136.836385931
-148.836879885
-133.385645132
-141.828705327
-160.04663099
-150.731311635
-158.415335117
-160.835210452
-161.444455813
-143.089383967
-145.398819724
-156.98171042
-158.033904946
-193.029100423
-149.153510253
-148.885444885
-193.273827561
-158.274926972
-142.367686626
-173.601186837
-170.412590942
-155.462596485
-145.105589993
-162.62299173
-156.523035716
-157.294814693
-130.343913679
-158.767753164
-180.026801363
-158.224585071
-162.132234171
-154.7242867
-152.720756643
-153.298741907
-126.07608739
-149.643777799
-162.302394366
-155.559045874
-139.159295482
-140.789271138
-188.754061778
-123.321337885
-170.627201812
-152.590297374
-140.508649212
-155.63222787
-143.271855285
-135.096423717
-154.250038696
-147.640879087
-149.796290817
-146.134154689
-116.474150805
-137.45404366
-131.925481899
-143.524803274
-140.228766728
-153.36688653
-129.780897281
-151.774091138
-141.12304247
-137.492290719
-149.972033719
-165.269754578
-155.422790939
-177.541179431
-131.513864756
-144.534863375
-168.318299197
-160.46194658
-171.774001936
-156.839341495
-154.607345161
-195.345619487
-155.100965295
-168.030862976
-132.400155237
-148.290049259
-163.285180105
-166.604329019
-134.770874145
-153.488460212
-161.313784066
-140.389206164
-166.076201861
-173.772256932
-162.168346675
-152.135571729
-158.899710631
-145.624127344
-137.033472363
-177.126393118
