-139.063241891
-117.800924232
-158.214516317
-134.828322823
-137.549685131
-148.593375923
-130.501539132
-141.236708911
-156.913989579
-149.349698228
-158.737534445
-161.013696209
-161.953557881
-143.771790539
-146.109646807
-159.976730387
-157.668144336
-186.167556954
-154.647262496
-148.381409782
-187.837539217
-155.184580047
-142.496160872
-174.925660208
-169.993097081
-158.929391499
-144.315344818
-165.427732191
-154.462300304
-161.733550834
-131.719457746
-162.011865898
-176.250775186
-158.869754242
-157.810516169
-154.65539866
-149.365697
-153.387640996
-129.547133311
-149.235093731
-164.05296635
-155.468972371
-137.477351049
-140.297991017
-193.379521291
-124.653354661
-171.064990087
-149.554525629
-143.43052549
-153.684329138
-140.632349153
-136.55118767
-152.223753926
-148.204695898
-149.300402916
-148.121764188
-117.410662036
-141.639982191
-131.176010549
-140.490053165
-140.716655487
-153.167948355
-130.87445717
-151.02905641
-140.835446621
-135.376107704
-152.642295007
-163.654599186
-155.723633122
-185.136380888
-131.988437128
-145.319013172
-165.78749635
-157.074491505
-170.818733529
-157.96380563
-154.195885517
-196.598538492
-155.287167231
-172.525139239
-134.172943837
-148.495074701
-162.043604207
-169.041055796
-136.034220273
-154.532196282
-161.501608608
-140.2148736
-165.802292269
-170.961506395
-159.553972166
-151.17310431
-156.668414782
-152.009564033
-137.400949176
-180.061214045
