split 1
mean: 0.13665644722, int_left: 0.134950414233, int_right: 0.138362480207
std: 0.00594266425241
0.133985677467
0.145131425602
0.138943328378
0.143771234163
0.134621667883
0.13015854759
0.142097849157
0.136289663212
0.146351562312
0.130893554088
0.128743326028
0.138758014104
0.126411394158
0.13611551702
0.136297856516
0.138853363058
0.138773738006
0.137485626876
0.118405583529
0.133844460788
0.140913573217
0.135597823335
0.141820126124
0.140059648246
0.136535749659
0.140402478484
0.129052584957
0.142282999103
0.134229859022
0.138047046148
0.132205385446
0.141948830266
0.141673461604
0.129273362119
0.133134777824
0.130464339784
0.143024941418
0.13853747109
0.136950238358
0.133500517861
0.138134532964
0.148224593463
0.132545034593
0.135705981303
0.150924972733
0.135568067019
0.139737527903
0.127158235581
0.138882977518
0.130351833918
split 2
mean: 0.132756053202, int_left: 0.131209217571, int_right: 0.134302888834
std: 0.00538812841448
0.121806764122
0.126671179009
0.136727687697
0.137679798552
0.132937484942
0.136742899919
0.139352751073
0.129926658311
0.124631894333
0.12417475207
0.125315357978
0.132531261469
0.130223244533
0.137916589648
0.137566266404
0.137190142598
0.135966361054
0.130320161284
0.137178593504
0.131292362639
0.130109578775
0.127666256059
0.130433341847
0.139549203388
0.126125717445
0.143001765831
0.129154649205
0.14985380948
0.136259454626
0.13148772254
0.129703631578
0.123783992825
0.135616470234
0.139337727655
0.13132060969
0.1305207795
0.130561946818
0.136116930599
0.135919332633
0.12786309552
0.132557833959
0.132411760036
0.137118963865
0.131113033251
0.128754122482
0.135323723592
0.131713661611
0.138595622644
0.133752734077
0.12592297721
split 3
mean: 0.166384920996, int_left: 0.164305987903, int_right: 0.168463854088
std: 0.00724159583544
0.164586516593
0.169792786382
0.174125021903
0.167289212328
0.157905103092
0.155438336009
0.173399309257
0.164651052962
0.162499970631
0.178496774366
0.171497579445
0.174058272773
0.176824965431
0.174610002957
0.161527910708
0.159478167573
0.154430484075
0.170542155604
0.1751310507
0.164009675601
0.15606123419
0.173106527404
0.157024640625
0.159462332906
0.1754990399
0.164136974106
0.168965849483
0.157392550607
0.177787770318
0.170111515561
0.169278271966
0.152614549889
0.155431019225
0.168738551043
0.165168069641
0.159816854324
0.161581789258
0.162448300518
0.170310901137
0.164237063235
0.163380596885
0.156315935001
0.181468892207
0.165925113912
0.179248574763
0.165998294212
0.170005093982
0.16864365137
0.163405756581
0.16538598714
split 4
mean: 0.17686125775, int_left: 0.174447101182, int_right: 0.179275414318
std: 0.00840928753879
0.163476922017
0.181694599783
0.1650875768
0.178447103168
0.178598632941
0.182187713982
0.176425724606
0.162254145359
0.187101834422
0.177873196041
0.178716338987
0.173518904202
0.19076160954
0.170836214562
0.183965156772
0.179990552464
0.179618021605
0.165149733667
0.188202373921
0.174252214662
0.164914994548
0.171894753181
0.167276123956
0.187298653922
0.170158136508
0.171425884583
0.180780588186
0.183437093304
0.172806046292
0.175377343275
0.18098984181
0.180090243643
0.179840868535
0.166122815477
0.168631815657
0.173233680284
0.187164802231
0.161412814001
0.178760778473
0.198839924287
0.172714348484
0.185068984499
0.187016583771
0.170826447058
0.171307110697
0.172110565153
0.181134671786
0.168630930331
0.181939361513
0.193698112548
