-182.980554637
-133.510782643
-165.307417271
-189.473850027
-176.548992571
-168.091281973
-208.729465457
-185.104769399
-186.886026789
-184.676502563
-191.918972005
-195.72678654
-254.822125931
-186.858926926
-169.996031318
-140.551963233
-196.073812604
-130.298299292
-171.310564886
-153.551098138
-212.182358856
-181.031644571
-170.679536852
-228.535141774
-188.06206437
-187.692450197
-190.557498022
-160.291480068
-188.155144298
-209.112339575
-130.331052836
-165.468009122
-152.71130007
-154.913289686
-179.851123682
-243.063774385
-141.90328634
-181.299186893
-180.441850062
-177.567933406
-187.443220129
-225.466602932
-153.576350399
-186.602385072
-130.389739606
-144.381374937
-166.614419186
-203.281020116
-239.324772274
-205.143211249
-218.292548764
-142.711681987
-172.581126958
-199.06298
-125.681533619
-207.920451354
-177.630608795
-177.105231616
-183.35673703
-154.499687521
-133.232894868
-203.159547634
-226.157937661
-149.493913401
-209.529293773
-189.609786639
-155.371452087
-189.137362176
