-361.704787813
-301.475856657
-310.852511036
-291.035291222
-336.55996705
-366.561574358
-349.872436586
-317.793921295
-291.271307776
-367.314253371
-326.929015316
-388.54876201
-363.4002469
-275.115253881
-311.907128883
-300.731494729
-279.189463803
-328.258232543
-295.8924205
-326.708514495
-331.315195103
-322.998343107
-330.594259954
-320.549023017
-323.465949427
-342.870907367
-379.089219401
-319.285644841
-296.300647231
-343.987311497
-350.196925285
-323.680947894
-308.194982093
-349.040980136
-312.077302691
-330.238665294
-318.37849872
-254.999787842
-313.501406748
-314.71936285
-316.295417325
-329.253292993
-318.314417565
-292.968854222
-300.598666727
-351.529287088
-329.477427228
-284.550002577
-354.149390406
