-171.230969879
-159.442984189
-140.254521814
-146.930191942
-135.094655543
-152.245362185
-158.545183145
-145.464847922
-150.996000316
-135.934717993
-139.419107303
-141.073966492
-150.421029388
-145.436030379
-130.716763134
-160.427921613
-140.071664975
-156.482086581
-149.204789097
-140.803647779
-150.070366236
-137.733038503
-152.621820085
-145.867361102
-174.985575528
-137.956698741
-142.887561799
-154.597632963
-173.381943233
-140.534729199
-156.15169573
-152.644925022
-152.753413393
-157.00826099
-143.677189416
-135.85018189
-158.608225537
-152.833135168
-135.788307447
-146.016611169
-148.638867409
-153.49515548
-148.044975564
-164.918836524
-141.206139462
-127.142174916
-141.898221368
-181.82898952
-140.740966509
-143.85523553
-160.426628876
-188.844095578
-147.013889771
-147.424956224
-156.46476191
-129.222601571
-168.832645204
-142.361890745
-144.025566645
-153.944718321
-153.935805308
-145.732266778
-142.353337471
-158.837973044
-143.003012628
-175.984618817
-149.714209519
-139.721171062
-155.247082855
-170.834395099
-234.971823164
-147.825309273
-142.206979869
-148.405868567
-140.981715389
-156.102160912
-149.053155707
-174.955526378
-151.846803883
-123.044730974
-173.127108647
-179.550455946
-196.442746549
-134.325127097
-173.921320139
-140.595270292
-153.169581029
-153.527395369
-180.292771971
-186.199567893
-177.900218454
-129.664574797
-133.5664572
-146.751572893
-146.639303375
-169.431666722
-148.214562344
-172.822012951
-141.42984653
