-160.86082711
-152.134400399
-132.142936556
-142.914968954
-125.530125842
-146.22480351
-145.886076414
-144.148472621
-146.485718893
-127.312403089
-133.968427411
-135.104901468
-137.107515195
-133.754309235
-123.202073065
-153.108282849
-130.77555836
-149.690697914
-139.57851374
-128.98659517
-142.282477482
-124.955046305
-149.305561696
-145.025919375
-168.65246702
-132.84898677
-133.517604865
-147.526345204
-157.312796554
-134.629796908
-154.832678019
-147.613839609
-148.284766437
-142.583490625
-133.059462908
-128.718164312
-151.012353681
-147.682386976
-125.800946363
-139.79439654
-139.586858805
-143.950707776
-142.449078286
-150.700878645
-132.590869036
-122.742394558
-128.588235429
-170.723171076
-136.444410237
-136.490462957
-153.617556445
-174.827113381
-138.412089482
-142.573972428
-151.403146104
-120.820047123
-159.052499886
-136.510369684
-136.108227712
-145.667066824
-149.58770603
-134.088320698
-137.496723664
-152.040361483
-138.841862253
-164.817758276
-141.082251998
-133.441145842
-148.563108766
-160.691451314
-208.278995192
-139.296398177
-135.660814919
-142.46591042
-132.120269163
-147.618287271
-135.756839946
-160.969175974
-144.83194568
-112.68508408
-165.423286998
-160.859183785
-178.724829561
-128.930624521
-167.091062802
-134.597320478
-149.707604751
-146.461895851
-162.833616651
-167.938947629
-156.670164513
-123.521597949
-127.884700242
-139.178042499
-140.200347185
-157.737908165
-145.905157002
-159.824060469
-131.911230861
