-158.969706523
-151.594361067
-128.066348329
-140.058181732
-123.863510678
-145.267298014
-139.056042195
-141.554299011
-146.504579634
-127.608802881
-131.432904733
-134.507277703
-138.420023408
-134.797051894
-120.841948016
-154.896939424
-129.869358202
-145.575876071
-135.60006291
-129.660882628
-136.836188594
-126.655724588
-148.455639051
-142.691854415
-160.165907137
-130.536569505
-132.252780663
-148.295960352
-154.731299667
-131.411074191
-154.863190936
-141.240486177
-143.909081254
-136.847431814
-133.958121651
-129.733844615
-149.810629191
-148.746925136
-124.497533799
-138.881044783
-139.86837264
-145.425384891
-139.717503594
-143.200989354
-133.235177007
-122.774738632
-125.780995895
-163.278672
-135.782746837
-133.936647709
-149.183357413
-167.410925396
-136.344592105
-140.06361305
-151.369220413
-118.58393264
-152.774962824
-135.431865924
-135.648775827
-143.557349717
-149.159019065
-134.224232041
-137.691641522
-150.358973704
-135.703156293
-158.93054477
-139.428698487
-132.28346958
-144.084674569
-161.616560234
-199.335195062
-135.530881254
-132.591690454
-139.35039215
-129.892030667
-144.634298023
-136.845210666
-161.566582902
-144.872635266
-110.265008468
-163.705285282
-162.569136709
-175.649754862
-127.033719571
-162.837311371
-134.621751719
-149.507162528
-142.581166721
-160.304831479
-158.860501012
-144.193324048
-121.187724683
-126.468014488
-137.309852739
-136.537298818
-153.099859355
-143.148590526
-155.622132333
-127.024810374
