-215.177020822
-218.458296143
-231.728342371
-220.608762921
-221.720810338
-229.268607479
-221.26583556
-211.099170093
-229.393564869
-239.491017494
-216.727856321
-214.63512144
-223.519149966
-224.735263129
-224.621099131
-217.052250327
-219.840540354
-214.812666873
-217.17324674
-218.016129622
-220.626028379
-213.219906044
-210.028244029
-225.474044045
-220.742501541
-231.711062983
-220.514663188
-224.84476452
-216.10299613
-212.450215052
-230.691334557
-228.599020937
-224.628842681
-218.498712299
-215.621404512
-222.258709466
-219.882812945
-226.687747126
-219.698531974
-228.3505115
-219.022386528
-220.123611194
-207.30448439
-235.512933609
-223.385312455
-235.146022716
-229.417179439
-241.004036633
-212.225001307
-222.972148699
-221.215410594
-227.882703614
-217.341728419
-216.804485071
-237.255193479
-226.352602934
-228.767423918
-221.225959758
-220.20376419
-219.676086718
-212.932318508
-216.754905504
-244.826456712
-216.839231461
-221.964243907
-230.900792748
-228.390060141
-227.4702386
-242.378121498
-221.470463464
-219.554822956
-218.508115833
-217.699692433
-214.297422696
-223.449911176
-209.97258712
-223.779053627
-238.722768489
-217.014141294
-221.159400245
-238.259412003
-218.734659952
-220.503258949
-226.101846816
-212.925578224
-223.691993762
-223.039861415
-226.013837214
-228.736115728
-232.814900379
-219.506828995
-216.699619398
-213.11505105
-212.771390457
-235.177729927
-215.127587947
-225.78900619
-216.918089076
-212.893462109
-227.898627478
