-215.589005411
-216.200286116
-231.419558764
-217.131911117
-221.338463118
-231.650606054
-218.642888195
-213.647460612
-227.819426382
-232.775436551
-219.266528635
-213.254435699
-216.677658364
-226.98319714
-222.002920254
-218.636399056
-219.69018419
-214.653476635
-218.582226216
-216.129768419
-223.405921995
-214.038567835
-207.591743331
-226.263933099
-224.18510075
-231.313646485
-225.485390108
-226.616318563
-214.659316707
-209.58224367
-224.010172315
-227.578644155
-222.826022276
-230.655194257
-215.550830507
-221.248711275
-224.746571071
-233.45508995
-221.387786222
-222.764634923
-216.978336906
-224.393119648
-212.429598822
-232.954846678
-221.734945888
-237.611126647
-227.444100777
-235.434764668
-209.213947804
-218.799084197
-217.032947822
-228.264570117
-215.766708334
-217.695543423
-225.568366876
-232.457485855
-224.177837217
-217.730976461
-220.785964936
-211.950855223
-212.119320222
-214.153559437
-241.620338304
-214.164651444
-221.978399015
-229.325639305
-224.041416868
-225.570155254
-238.844225174
-220.703594344
-215.447863642
-219.618162897
-218.038529819
-214.147521446
-217.033266351
-215.116556287
-224.481876036
-231.14959142
-215.993016267
-218.180130373
-231.314775195
-223.784291593
-216.069305423
-229.469443544
-209.290482928
-221.266458549
-222.920878793
-228.112381791
-226.198938513
-225.410014713
-215.439191402
-218.004769586
-209.478892136
-214.045675554
-225.954195829
-205.976632898
-221.388341904
-216.46442912
-213.920754946
-225.509355391
