split 1
mean: 0.201568483588, int_left: 0.199543542407, int_right: 0.203593424769
std: 0.00705352455803
0.199692266501
0.19852503407
0.202040352687
0.202303863403
0.207640553017
0.18625334873
0.210731460985
0.200669043401
0.206959633123
0.195252917849
0.19645323605
0.201952723322
0.196690391521
0.19816087734
0.19957193418
0.187300584422
0.211564809493
0.188535820457
0.196390135015
0.202034081203
0.206831270922
0.199082337221
0.206592052284
0.203158910908
0.197210847999
0.203751884646
0.198298937822
0.209002738173
0.196794355105
0.206063534865
0.208837639795
0.19687982033
0.209244130117
0.193494969812
0.199900241831
0.208591648342
0.204652122212
0.194469663762
0.192034163306
0.194117911573
0.219139154782
0.197220386106
0.195756281276
0.204062639305
0.204220609771
0.204230283204
0.215277763425
0.204327747829
0.199142713202
0.217314352722
split 2
mean: 0.136513419453, int_left: 0.13376838251, int_right: 0.139258456396
std: 0.00956185081817
0.135008112414
0.117612566465
0.138818642894
0.142286720327
0.145700144237
0.124593197229
0.155053084636
0.133648348361
0.121571742949
0.127802383635
0.142501236993
0.136272777339
0.141210539318
0.137752869893
0.139694273862
0.125591678175
0.142788285991
0.149229380388
0.152089670278
0.130415746431
0.126345899663
0.138919466704
0.144322984675
0.14774433558
0.140929785668
0.12900572517
0.123176655634
0.130614286306
0.142223155646
0.155325035068
0.120434847565
0.153024799759
0.141440461565
0.149652945573
0.127316049318
0.138449997201
0.135837055651
0.134428826727
0.129784067837
0.13140846229
0.128785072487
0.13216538946
0.123102202687
0.127583486917
0.149906111462
0.136530528543
0.14313781625
0.123651879263
0.141990880496
0.138791359671
split 3
mean: 0.105766733072, int_left: 0.103592466426, int_right: 0.107940999719
std: 0.00757367341291
0.1081441253
0.112421300253
0.111170515986
0.100216861986
0.101371245944
0.099561669608
0.110340927444
0.107389624848
0.104900247236
0.103114761691
0.122589571087
0.100398965023
0.0934559337736
0.107946548877
0.104730581219
0.108308521914
0.0945128039325
0.109232975174
0.105486015966
0.1197844588
0.0957794585906
0.107928870932
0.110156239393
0.0983609703459
0.0927852886899
0.112633880517
0.0962618085008
0.0996215692806
0.115195690552
0.114353067645
0.0893830167619
0.100921763668
0.104331931263
0.106320229949
0.122125868128
0.102268805426
0.0994597369799
0.106436158606
0.116576587909
0.105467396008
0.11674890395
0.0925665885249
0.104735383688
0.109771589344
0.105511287308
0.106129444892
0.116729177584
0.107027620562
0.103383691426
0.104286971131
split 4
mean: 0.142036757894, int_left: 0.137606391489, int_right: 0.1464671243
std: 0.0154323980034
0.139176844734
0.13468630882
0.150425864858
0.142396306133
0.159722918879
0.150919322391
0.129696521538
0.131963240187
0.116700317179
0.144000714237
0.130146692017
0.156058919265
0.150255202857
0.132851615311
0.166431873756
0.161461330466
0.14728034775
0.101838973
0.152048722917
0.140303978535
0.16557922029
0.123689479274
0.135013243059
0.158935419502
0.137873482777
0.121528110087
0.165339235352
0.136833819472
0.140975198017
0.162403699043
0.113914358841
0.144846796378
0.136613440453
0.151905877599
0.147687006887
0.152250871044
0.137396063998
0.122670114852
0.136403686006
0.138426305305
0.136316534716
0.137897984912
0.1560602743
0.137994891691
0.15945182862
0.143631309545
0.137332991348
0.115527335231
0.182041829558
0.126931471729
