split 1
mean: 0.0570874898653, int_left: 0.0557761980124, int_right: 0.0583987817182
std: 0.00456765330938
0.0548201445485
0.0600246306937
0.0632538580236
0.062631888379
0.0579642384252
0.0577991891421
0.0512358945325
0.0577688912052
0.0487660362525
0.0654680297862
0.0590549128041
0.0535314682177
0.0560415474156
0.0572122056085
0.0540534842405
0.0557648871428
0.0696849629089
0.0554885360781
0.0633927587003
0.0582737183223
0.0555838721505
0.0495990200358
0.0560627491787
0.052973501521
0.0546900617646
0.057944835846
0.0610520781081
0.0513770759246
0.05633227485
0.0546320203224
0.0552155509587
0.0552305723172
0.0650053862386
0.0655176812533
0.0583278031517
0.0602389489929
0.0546499663742
0.0559611047645
0.0621241584154
0.0546493985626
0.0615848803941
0.0551679364239
0.0564234124658
0.0539625005386
0.0510373410717
0.0535818331263
0.0588180131984
0.0526080428765
0.048252232818
0.0635389571953
split 2
mean: 0.0726996994561, int_left: 0.0706998428275, int_right: 0.0746995560847
std: 0.00696614695493
0.0615054393215
0.0753696005319
0.0799761046516
0.0830711324735
0.0638782252745
0.0678192203539
0.0741857982848
0.0804732132076
0.081354959118
0.073113923481
0.0806285446129
0.0714859981736
0.0682241370284
0.0661730871101
0.0759592328589
0.0796626432282
0.0758456619587
0.0739114215496
0.0552138794798
0.0785261232651
0.0791501653949
0.0792029533511
0.0705973301107
0.0764783807089
0.0828652319233
0.075027553529
0.0701762320278
0.0688196094216
0.0646683625316
0.0687929351171
0.0821078181621
0.0691944789948
0.057075418048
0.0743815297334
0.0647672793462
0.0658143639225
0.0669730264305
0.0778609459608
0.0758727157126
0.0642964315741
0.0763273202095
0.0811933749778
0.073281345128
0.0668688433868
0.0672635618599
0.0718757260096
0.0846644018426
0.0758613044342
0.0759600677544
0.0611879192373
split 3
mean: 0.0760582151803, int_left: 0.0734288231543, int_right: 0.0786876072062
std: 0.00915902219806
0.0732459974938
0.0638133181172
0.0894473194565
0.082199630278
0.0826116829262
0.0652776839561
0.0661851463964
0.0649951335574
0.0659477226786
0.0851103420166
0.0711096127731
0.0800579341524
0.0877277869818
0.0681805000983
0.0717576212053
0.0829352475191
0.0686863716942
0.0790168666205
0.076211532347
0.0707579959993
0.0783508906202
0.0641581193271
0.075145514022
0.0704223560277
0.0669785308728
0.0788802739453
0.102534470723
0.0739417785768
0.0761811242144
0.0683852679258
0.091277495676
0.0750532499268
0.0609773463948
0.061606121775
0.0770176841908
0.0762574476286
0.0716980958301
0.0786460137128
0.0749259389115
0.0611787345595
0.0928666286648
0.083241592349
0.0798229004725
0.076934879938
0.0797902892979
0.0710572049572
0.0849628819743
0.0819676304058
0.0961726393464
0.0772022104781
split 4
mean: 0.0814002508587, int_left: 0.0783497262286, int_right: 0.0844507754889
std: 0.010625963161
0.0915641437986
0.080805727734
0.0943661320407
0.0690029163335
0.0937302320185
0.0711133433368
0.0711513501474
0.0838743572574
0.0652238715242
0.089480260614
0.0787509544441
0.0779967374953
0.0706411223557
0.0770842268027
0.078638156441
0.0755922391992
0.0924063413448
0.0815341608656
0.0930765280442
0.0628200057643
0.0868599413676
0.0848322087417
0.0877691283545
0.0860285356681
0.0846257824991
0.0523747799184
0.059890194948
0.080172212342
0.079317936242
0.0753910842006
0.0801403113453
0.0715204449411
0.0755198719277
0.0910264085865
0.0762012638573
0.093454580048
0.0854694550302
0.0865439685497
0.095364608504
0.0593597932647
0.0979184622432
0.102699340715
0.0793581653332
0.0826923678158
0.0890637756394
0.0989912295224
0.0874592561427
0.0789611967341
0.0810501259574
0.0811033049336
