split 1
mean: 0.726346933379, int_left: 0.725406807089, int_right: 0.727287059668
std: 0.00327476369803
0.72707802443
0.72448158251
0.728946388256
0.723021393223
0.726590706346
0.728664122863
0.727880072209
0.729271966554
0.72426349195
0.728739322892
0.728501998252
0.719846733151
0.722228124392
0.720167077617
0.724263039559
0.727531319533
0.729034245031
0.720882523875
0.727283858204
0.728928884882
0.72448881291
0.721471158945
0.730876675478
0.726501878927
0.722302424457
0.722500488857
0.730623326818
0.727314466425
0.729772319131
0.7255575863
0.727215666375
0.719878862273
0.72971620772
0.726917185788
0.730713995159
0.730356244434
0.732455992218
0.720443694371
0.728821137049
0.723790174209
0.728788835786
0.72994310313
0.728481637068
0.728775715587
0.726379662523
0.727496126059
0.724361633174
0.725558175657
0.722438986437
0.725799619946
split 2
mean: 0.729976967918, int_left: 0.728937475021, int_right: 0.731016460814
std: 0.00362088970262
0.732767515402
0.728096911263
0.726654597153
0.726335965869
0.727962721808
0.724730751879
0.723670429755
0.727530279287
0.729707076023
0.728467964315
0.733917557848
0.728871430684
0.733557998113
0.731809922372
0.732032003858
0.730783000446
0.731132925231
0.732425191873
0.731488861325
0.729900437387
0.7321597171
0.735211311458
0.73377057061
0.727407371356
0.737086353183
0.730829368534
0.733010300246
0.728593919696
0.729542927461
0.727838435985
0.732558256734
0.729799322147
0.728555275254
0.735310456159
0.724958176354
0.726880877253
0.735442317671
0.731879384383
0.722729568629
0.723342558356
0.731176566141
0.726907082785
0.731624849701
0.735475395565
0.727976708146
0.72578826339
0.722687737851
0.731692846668
0.729787022171
0.736981912994
split 3
mean: 0.725380600497, int_left: 0.724284158236, int_right: 0.726477042757
std: 0.00381926274377
0.728424089439
0.721316237384
0.720498454993
0.729764367838
0.718922150697
0.725145549575
0.727663213263
0.719474722716
0.727474968868
0.727528715332
0.724048250883
0.732332793818
0.728265281632
0.726599986874
0.730456592897
0.732671726051
0.725573040951
0.720672052883
0.726752422806
0.731122289853
0.724008084354
0.724607490612
0.722974931079
0.723656958329
0.724325615618
0.720468775206
0.725878281848
0.723985309349
0.724370904302
0.727682359219
0.72743984794
0.722090730329
0.728500167845
0.724115108046
0.727627666279
0.720420674789
0.727512841735
0.722661141898
0.735265366145
0.719935069203
0.725035375692
0.725983582275
0.728436387342
0.716593859589
0.729906886129
0.720983325107
0.724406025178
0.724169299233
0.724225893262
0.727055158149
split 4
mean: 0.728086763523, int_left: 0.726989312951, int_right: 0.729184214094
std: 0.00382277501652
0.732142009561
0.721617855947
0.726661083951
0.726884971966
0.728260246519
0.729662848527
0.727143732495
0.740044220175
0.724655714789
0.724020750338
0.730355316434
0.727363675208
0.725482821387
0.727041204172
0.729609087993
0.729102052813
0.723380799168
0.724744588656
0.731090535575
0.727391683921
0.727930818278
0.731017433786
0.728316007072
0.730073383015
0.73541120021
0.728933397269
0.730335375595
0.734553364148
0.724616627961
0.724059969957
0.73535661774
0.726566030265
0.734659091316
0.730798335439
0.724534635302
0.72837957955
0.726730722884
0.725775243668
0.723958254374
0.723106324618
0.723052412975
0.728255161731
0.728528564313
0.726433929123
0.729950302976
0.721731859477
0.729763707624
0.722678510649
0.7322547731
0.729921342115
