split 1
mean: 0.582134924612, int_left: 0.581632220972, int_right: 0.582637628251
std: 0.00175107924139
0.583102068379
0.578527536053
0.581782739229
0.5825691285
0.581940705506
0.58471352462
0.579908508055
0.582425263851
0.582685315856
0.585279002764
0.583655780878
0.579247851712
0.58700197223
0.578980310157
0.580495028078
0.581861452609
0.583331447653
0.583282222795
0.584001560516
0.582440101872
0.583551698766
0.582567575343
0.582006161021
0.581226660163
0.581786395449
0.581154826732
0.581241867686
0.580359804073
0.58157802964
0.582821751531
0.582345097022
0.582513423733
0.582216590945
0.582082527149
0.580213333504
0.581244871885
0.582830160521
0.581868626622
0.584661001612
0.579570559532
0.579473134634
0.582617425466
0.582429979371
0.584279566576
0.583001447249
0.578599095943
0.583925576663
0.581510796633
0.581096720673
0.584740003137
split 2
mean: 0.582417671318, int_left: 0.581954589451, int_right: 0.582880753186
std: 0.00161306380483
0.581652259069
0.58347642803
0.581463885149
0.583065096906
0.58261034172
0.580050312692
0.583749414814
0.584041972625
0.580075990272
0.584046542917
0.580364394539
0.582660277826
0.585849905212
0.582671877761
0.581694122255
0.583129934024
0.582666127495
0.582729111163
0.582550172837
0.581096074639
0.580437339128
0.579187712523
0.582855014914
0.582086906306
0.586407330337
0.582402933456
0.580080285857
0.582913984349
0.583358993716
0.582911781354
0.5807471505
0.582684616034
0.582138711839
0.580917308014
0.584406793642
0.5818112425
0.586064123391
0.579748520026
0.585187697913
0.58038645166
0.581813003699
0.581478721839
0.581794234564
0.583596615324
0.582992125322
0.582770601358
0.58132364664
0.581066306281
0.583576518337
0.584092653154
split 3
mean: 0.58197285783, int_left: 0.581467077008, int_right: 0.582478638651
std: 0.00176179805951
0.585382139927
0.581643780253
0.581675298908
0.585289640414
0.580582164415
0.580709618787
0.58363858284
0.580182704909
0.582179614511
0.579906590143
0.584893617327
0.580246331427
0.580318472979
0.58387347581
0.581503906178
0.58086979333
0.582193209679
0.583522195679
0.581939370182
0.580766055696
0.578395868384
0.582332312687
0.583656134246
0.580452687375
0.580786725818
0.583520444658
0.583121183585
0.578705098087
0.581096383305
0.583594951835
0.58302623308
0.583101094137
0.581047750591
0.581223580677
0.5841543698
0.582599833975
0.583368913179
0.580744990884
0.581846299928
0.580639094773
0.578834488703
0.582773685696
0.579616228965
0.585009343334
0.584811088174
0.5831544293
0.583140178015
0.582201404958
0.581010806967
0.579360722967
split 4
mean: 0.581760262759, int_left: 0.581294439017, int_right: 0.5822260865
std: 0.00162261463772
0.58461087746
0.585908763338
0.583450900131
0.582392501998
0.581205771892
0.581652802841
0.581860100664
0.582757443216
0.578169908822
0.580876079579
0.579276486703
0.582001706759
0.581020002516
0.582318183556
0.58106010128
0.582067437674
0.581370311237
0.58032123245
0.580203606157
0.582347655501
0.581975691198
0.58296889354
0.58075603743
0.584847302592
0.581465854671
0.581444937942
0.582921053236
0.581606252126
0.582312914043
0.583592506604
0.580631562807
0.582892570286
0.580196411004
0.579535182823
0.577817530561
0.581331954761
0.583499638265
0.580113967152
0.581486342847
0.581774676245
0.580415418936
0.583625693182
0.580649320435
0.584369163785
0.58420354642
0.581328293769
0.580372079579
0.579950781953
0.583148070913
0.581907615068
