-171.612707759
-138.709177848
-196.774431866
-156.418115845
-138.221201613
-192.075212363
-125.893642865
-168.891137843
-240.704552175
-155.988337924
-169.170550134
-203.726866827
-200.84660965
-195.755187158
-172.219527317
-352.858430313
-190.648156008
-307.84884869
-213.268100109
-173.24026699
-140.884367514
-174.80395513
-137.543559011
-156.210558189
-143.895633217
-214.720725854
-175.697127576
-187.762852775
-240.697707502
-191.763203765
-187.449464358
-155.545426241
-179.189782895
-200.918157222
-125.885437904
-176.292182433
-150.487881105
-181.128782446
-244.763390447
-140.180767238
-178.821295488
-176.726904467
-176.304923077
-179.346943706
-215.803483988
-155.398010564
-194.880655051
-137.827539444
-164.018520323
-192.52735221
-224.979315256
-203.678462583
-217.478143905
-139.21552391
-177.783023583
-135.889596308
-197.662819851
-169.558452118
-165.711811842
-176.46100218
-158.269654041
-216.869136287
-243.229980515
-162.449633303
-190.926304213
-185.096291016
-143.021101099
-177.470110408
