-249.561287956
-194.268110344
-243.137010976
-224.684845865
-208.962729721
-252.289866033
-208.231932517
-231.064532854
-241.947866495
-255.132427783
-228.418491942
-261.507325226
-228.961176384
-248.53620366
-241.864199457
-250.082839093
-267.075654027
-310.603445389
-229.987455909
-232.246454993
-212.940170314
-247.834870352
-198.706405143
-223.863575203
-200.473744994
-274.797595973
-263.211335933
-222.267872439
-279.09514728
-252.394673832
-256.053262458
-222.961629694
-246.73060594
-272.613948633
-196.856147762
-224.032739957
-211.755954527
-230.211595049
-281.040582378
-217.974045556
-234.814516634
-238.202967798
-234.656621589
-238.873307499
-267.759516201
-213.106771351
-228.091204813
-188.314579769
-243.225305401
-262.464563514
-290.9171488
-266.212141697
-275.824322881
-204.623954755
-218.372467349
-193.521079537
-281.304435965
-233.193356155
-240.981694813
-235.042313599
-230.137926913
-261.659280815
-273.043229369
-213.054995374
-280.050531697
-251.029891646
-230.033080677
-253.168515906
