-156.592657455
-151.24580182
-127.184669059
-138.547523869
-123.339856723
-146.18724653
-136.777120384
-142.622416854
-144.425278532
-125.206223571
-131.451196492
-133.715011993
-136.027621014
-132.412697013
-120.66240839
-151.676732396
-129.079612531
-143.566544287
-132.714078755
-127.56675454
-135.435707143
-123.773904995
-147.352219648
-143.251254408
-156.517718483
-130.817988278
-131.137484223
-145.495068488
-149.278237394
-129.865260029
-155.146270049
-143.226579833
-144.192767641
-134.352401401
-132.130247287
-129.313964244
-148.019605726
-148.300843134
-122.746432575
-137.683692737
-138.050279969
-143.487908348
-139.772482268
-142.387851349
-130.422883454
-122.076231286
-122.612060833
-157.390470001
-132.654900305
-134.060051329
-149.59442254
-165.450864193
-135.385937357
-140.892675233
-150.218885644
-118.0601764
-150.958213024
-132.662216223
-134.715818023
-142.168046823
-148.358438798
-131.850603133
-136.343342119
-147.933163655
-136.456703206
-156.063288771
-138.20449873
-131.034853533
-144.325515957
-156.955748025
-190.588374397
-134.071355234
-132.061990492
-138.367569764
-128.930142284
-143.186169411
-134.810225238
-157.703879381
-143.125415852
-108.879647193
-163.769542063
-156.486700772
-170.926099499
-127.387427536
-160.804094531
-133.151271881
-149.659887676
-141.078248309
-157.158607546
-155.09678556
-139.747464273
-121.212805288
-124.162253532
-138.396313075
-136.664548984
-149.225282748
-142.397396753
-149.802719951
-127.264906652
