-242.302950198
-230.529452849
-281.805307153
-251.505871883
-283.831102704
-262.033257664
-286.81438766
-257.694550552
-241.484994794
-271.399098625
-271.844261224
-264.693740052
-251.86878325
-256.623026058
-281.412271856
-241.565574865
-268.465137383
-259.795006613
-291.943115817
-271.983522695
-266.087826825
-271.615933108
-247.174671555
-234.214978788
-250.969701972
-256.576919276
-273.515531981
-262.793203613
-253.471000281
-258.919353332
-263.70569619
-248.152692174
-264.074896076
-253.333238815
-276.706030446
-263.403408369
-284.647943939
-246.379278001
-251.825845271
-267.178652117
-252.333715579
-263.094414765
-244.091271554
-255.471894269
-288.338012494
-264.79684715
-292.105195304
-300.881128086
-243.03872896
-263.644953555
-265.460795696
-257.699526624
-267.465250971
-249.489670675
-248.845489692
-268.322625606
-285.155685882
-244.730803646
-260.98879915
-258.823204721
-258.083873824
-234.325037648
-277.164345407
-263.776491334
-261.13455898
-256.415068521
-248.390586423
-267.335961194
-268.352700574
-262.204199233
-250.509420997
-298.77672622
-268.0485891
-260.350539293
-265.543324961
-272.106349969
-268.447656015
-256.013770867
-277.920381454
-242.316745337
-303.566227184
-235.862648949
-268.525279585
-274.575603682
-280.979502031
-233.605349124
-260.735414898
-243.929252851
-261.667999006
-239.560942344
-268.108712188
-280.879084322
-292.224732193
-281.331957541
-272.207944645
-276.263096757
-246.383892958
-249.246639195
-235.281971493
-277.553961295
