-213.361671545
-202.500431824
-228.606318015
-213.62536282
-233.209230627
-222.105898951
-232.276866602
-215.866550905
-209.171247469
-219.257782946
-221.012874097
-220.278000068
-212.201757886
-213.197069012
-225.224707491
-211.950541129
-220.399472571
-219.502675881
-236.257370781
-223.327913404
-217.218128257
-222.383462962
-212.696977561
-203.162329483
-212.464687062
-219.914542718
-224.185515699
-214.689709083
-218.085046811
-219.182616039
-216.595449883
-217.226419614
-220.831529033
-217.03777968
-227.250141815
-218.938899917
-227.721357037
-215.404822932
-219.078074137
-219.012013184
-212.109418254
-219.242463588
-209.398614776
-212.603140675
-234.736130008
-217.982909427
-232.280105329
-238.661004565
-212.970716794
-217.167303406
-218.962886487
-215.887558618
-226.827008157
-211.982132629
-210.580369926
-227.545170223
-225.742722793
-210.142937833
-215.788486319
-214.843482286
-221.08318116
-202.849093692
-233.624679571
-218.550379416
-222.391850184
-213.321413534
-216.817077162
-219.469806261
-219.620467223
-221.931415151
-220.360387791
-274.47513471
-220.571250714
-215.366528578
-220.973964825
-221.183189178
-223.605593213
-217.759200768
-240.541031917
-205.711005359
-236.862655947
-211.561548443
-239.147796817
-241.893565546
-227.358690647
-208.644218987
-216.646793119
-211.216492886
-217.482010715
-212.587723613
-225.064107417
-230.169791151
-232.248114204
-228.32906049
-224.245532951
-228.32769957
-211.130896851
-210.818234073
-207.078540937
-225.719499414
