-210.423554769
-217.761736274
-204.624131142
-212.174755687
-214.136423472
-201.456104432
-201.272372168
-216.433870899
-219.255046375
-208.714259244
-202.311672631
-205.500063254
-220.193720076
-218.163495568
-201.399950858
-207.977852766
-203.627659342
-211.681795847
-206.26032127
-195.095445763
-209.966469827
-213.900719366
-207.56049521
-210.693950897
-213.137125397
-206.568910254
-210.267522084
-209.000976998
-208.178650693
-201.487899912
-216.743287894
-200.784060511
-209.371055609
-211.603719215
-217.008171528
-201.476880726
-193.941922946
-203.754952545
-207.467075959
-208.947443471
-210.589091185
-209.058966255
-201.676617539
-215.323070723
-211.253521997
-203.48532409
-209.060667046
-215.591321124
-206.961190765
-206.592474809
-206.523078633
-196.147284892
-214.642629679
-210.396508515
-212.490390774
-203.118754476
-198.033110994
-223.395586951
-218.653686207
-211.033934699
-209.346792005
-206.331180646
-205.015120356
-218.886481274
-209.777081957
-196.064538648
-211.684417483
-216.897178911
-220.950005802
-210.952818357
-202.844134657
-208.903236984
-202.7295641
-218.830887225
-214.225146239
-203.40345054
-205.51597809
-205.374656437
-205.094130266
-205.651962664
-205.904733238
-207.284316051
-223.85106505
-201.071960833
-214.399026194
-212.721261732
-203.720126374
-201.454786376
-217.113122985
-199.911337561
-200.22068636
-193.065088481
-226.427121643
-199.070291279
-209.181317334
-202.264542763
-213.913380781
-201.834651425
