-206.131965634
-211.426688107
-207.882344956
-208.06470545
-209.861677555
-198.233060972
-199.263245983
-218.178105679
-216.620469765
-207.707095935
-202.864893479
-202.576150722
-216.50398577
-216.08548785
-198.555872534
-209.867326677
-201.884344702
-207.187828216
-202.221299515
-188.165116724
-205.771910816
-211.155395064
-203.521011407
-203.532938954
-208.225417242
-203.206876333
-205.886988276
-208.430523611
-209.689428796
-197.587676817
-213.537887975
-203.105537144
-204.95680198
-206.925950215
-213.117202534
-199.453768747
-195.468383541
-197.817577574
-209.877355038
-208.190546773
-202.947020182
-209.135179774
-198.155570889
-211.316520279
-206.381927621
-199.360470078
-208.441387977
-208.731326284
-203.649718479
-200.688321369
-203.136943399
-190.732374662
-214.879661096
-204.385186682
-213.867581637
-200.160040119
-195.964263083
-216.274947831
-208.872083481
-209.019997469
-211.060879846
-201.338113509
-204.925758863
-214.549624736
-205.757952155
-194.773546496
-209.97659013
-212.368668116
-220.418995334
-202.695765299
-202.908565892
-209.949151053
-199.694297591
-215.343791225
-211.438784512
-200.958574573
-198.739998596
-202.450648982
-205.844368743
-202.614157248
-202.541800724
-207.272140099
-219.796299025
-195.669015324
-209.00535034
-210.264035833
-198.386413528
-200.430322455
-216.35699019
-195.423198576
-199.321430238
-196.283720163
-223.711179716
-196.76946767
-205.219946663
-199.752440448
-206.628699394
-204.180723561
