-172.715002935
-134.108146802
-188.396639345
-158.660216551
-141.340659394
-194.85987632
-128.500095669
-166.965544814
-219.50643578
-166.342625895
-165.721308917
-210.4155635
-181.052552859
-188.211500641
-185.336214053
-205.12701723
-198.773862289
-295.276146627
-196.82321752
-173.843198875
-140.115612148
-186.31065465
-137.189952194
-161.889823972
-144.561855475
-217.943750827
-179.764058288
-182.27305335
-222.315168477
-183.433848062
-183.17650844
-152.292464073
-179.0083033
-231.114781538
-129.641471842
-171.55640637
-152.456636289
-182.078765805
-248.212279737
-145.515320963
-176.376636614
-176.835932705
-180.75462531
-203.247805563
-219.235500431
-154.921706143
-194.951656248
-132.958739324
-168.506133143
-202.42145489
-234.958162562
-204.694895617
-214.684281924
-141.528634392
-172.332149427
-139.879416311
-207.257113013
-172.788091357
-174.273242843
-179.625937708
-156.237460049
-197.62685253
-223.770024825
-151.468272811
-203.09036902
-191.009596979
-148.551122264
-180.519163528
