-191.33185946
-141.290489968
-215.836295235
-158.519386218
-152.987445761
-202.110709488
-146.268113065
-183.027349023
-201.088408449
-187.496859312
-177.997279772
-233.002613693
-203.033754378
-199.904407312
-201.612518858
-251.486313433
-214.80596611
-293.859021052
-198.744684766
-174.321981172
-150.991061952
-189.852138978
-143.288216017
-176.518462143
-152.948061204
-234.683546563
-209.480858968
-213.097897463
-228.762872738
-196.932904233
-198.438494933
-164.865550026
-188.280794573
-237.61641745
-141.960607021
-179.200896563
-159.520121836
-194.493921628
-247.310638778
-163.829686144
-197.146351366
-190.315412058
-183.970892058
-211.298340037
-235.005962841
-164.662544138
-191.018474587
-140.321250898
-181.482527386
-207.92983786
-249.134508726
-216.026650002
-225.445201856
-149.254825367
-163.845266041
-147.89040356
-225.851286798
-179.324106357
-181.590938769
-187.578717826
-175.763651996
-212.393022299
-256.996758862
-162.51072928
-221.658828217
-215.306312206
-170.608347885
-195.090575013
