-216.741373668
-217.337215718
-234.293238923
-220.747555567
-222.068043345
-232.926177846
-217.679947703
-219.262986031
-229.257730472
-235.624796658
-219.499842557
-208.610808786
-226.047277739
-223.921316223
-220.358757234
-218.974268894
-220.613886566
-218.566275458
-218.303502514
-218.722405956
-218.937952228
-213.529519783
-212.998308596
-224.348791883
-223.085862974
-233.415892086
-226.878634731
-222.47905485
-213.725595544
-212.703250529
-232.144324758
-227.937045777
-222.110590119
-230.268388474
-216.836974333
-218.512007358
-225.988465582
-234.482026168
-223.970307354
-224.277248287
-215.752306596
-221.782468853
-214.17433181
-237.109926218
-220.659323774
-235.531856548
-227.864079296
-234.884747294
-208.780555789
-220.494235492
-221.313153541
-226.051342786
-215.715452621
-220.222129398
-223.657361588
-231.427346825
-223.054964497
-216.252959077
-220.14678961
-213.955940272
-213.659347029
-216.571307361
-244.991153964
-214.504525974
-224.538788598
-228.501763927
-226.421381482
-225.055148481
-243.235570192
-218.001506306
-215.508876608
-218.140357927
-216.473309865
-211.599551827
-217.36028477
-207.711988126
-229.585976823
-231.290482251
-217.367595861
-218.036898217
-228.013753136
-217.743865054
-221.719548818
-229.695114174
-211.308247116
-218.305489821
-222.130727336
-226.317190419
-226.653736057
-227.175948135
-218.305948787
-217.25712238
-205.500882947
-211.834841116
-225.103784629
-211.260961363
-225.61503984
-212.926065288
-214.48518198
-224.030420433
