-220.539709767
-223.74187553
-244.174790968
-230.133810317
-228.968704368
-241.011413112
-226.387070251
-222.431845257
-236.445047951
-243.239807325
-224.671976534
-215.691269873
-228.820429841
-231.223548936
-227.704991957
-224.762366267
-225.842975241
-224.245617469
-224.534807233
-222.311417078
-228.644729418
-219.425893307
-217.835331119
-234.289843808
-230.2112127
-239.545769122
-231.520536181
-230.105427832
-218.73174327
-216.916678303
-233.222461399
-236.655126331
-228.603297374
-234.340998005
-221.659940268
-228.340542212
-236.505360831
-239.828513501
-228.885121399
-233.660430395
-224.259887599
-231.053113413
-216.968817481
-246.9835849
-231.343030667
-243.405039619
-234.401987379
-245.493851606
-215.165574873
-224.265402604
-223.790611719
-236.033512226
-222.55455283
-225.228500464
-243.510467855
-239.994715667
-231.079784384
-227.548930437
-223.17846243
-220.122354445
-216.574434855
-222.084784152
-251.632605463
-220.222957723
-231.222912592
-236.111520364
-232.325193674
-233.761145875
-245.19977146
-230.342183368
-221.524741948
-222.878137211
-223.585613926
-220.331370875
-227.538592596
-218.589908007
-230.776935606
-243.386763074
-222.283092048
-225.164052409
-242.547919855
-230.653053846
-227.15255233
-233.793651679
-216.423746576
-229.054042468
-226.640106852
-235.747474514
-233.674624783
-235.82316878
-224.188348019
-226.127226588
-219.310572037
-219.697131385
-238.747711071
-218.612907771
-228.400115942
-220.044535919
-218.509275145
-229.971494702
