-256.235824981
-248.066859511
-305.933126884
-275.082018227
-307.69253288
-283.081506931
-316.395349724
-275.880376537
-260.290405757
-294.911814287
-295.568473314
-292.193931598
-268.450195377
-279.917077327
-307.979947013
-253.54709399
-291.98019349
-285.056882709
-316.645978557
-293.052117715
-290.011264758
-294.97665139
-265.708099434
-251.914657243
-269.500880363
-274.778145895
-297.526325815
-285.737045576
-274.031951677
-279.354056985
-285.64013526
-268.575808443
-287.538647354
-271.232552485
-300.276808725
-285.710206875
-311.564391439
-264.873526199
-267.826720873
-293.906797723
-275.377558966
-285.034853772
-263.370395122
-276.062433309
-313.218851913
-288.458903104
-320.495198601
-327.033803169
-261.783593741
-287.949953977
-289.336466253
-275.733663003
-289.455238282
-269.338194211
-266.00435812
-295.527858308
-312.815006113
-260.589791373
-285.049053781
-279.008312411
-279.539805978
-252.184055162
-299.857583002
-282.003393697
-286.271785742
-277.116014961
-266.349990051
-288.117590693
-293.567185962
-283.80590183
-276.318511171
-325.835826814
-292.961904473
-280.858772411
-290.208667677
-294.89209553
-287.536567605
-272.047237977
-302.663597755
-258.60486913
-332.665568256
-253.22539295
-292.396208026
-295.039370314
-306.581622438
-251.141921667
-282.2466148
-265.608187812
-283.767730994
-259.004298792
-291.202227
-306.646747099
-319.246821924
-311.067444548
-299.327321048
-303.716834242
-265.810136723
-267.763800983
-256.249784762
-303.520021507
