-215.134776301
-201.995439957
-231.896022732
-214.144474716
-237.445909652
-223.152519951
-234.59624034
-217.311140303
-207.461565436
-221.972803914
-223.651816801
-221.577356397
-213.38893886
-215.533947595
-228.746705535
-212.881452772
-224.548453299
-220.745604053
-240.717009126
-225.681729036
-220.404228007
-226.172318698
-212.757926026
-206.535923626
-214.577588589
-221.736235232
-226.680978984
-217.006235249
-220.15573304
-222.744438866
-218.17149606
-216.311936326
-221.471057553
-218.941083497
-229.606175875
-220.696367754
-233.315889882
-212.060756961
-219.42565576
-222.98668914
-214.384201834
-221.36051155
-210.777567217
-215.597688156
-240.439686848
-220.66650967
-237.54259219
-243.742995825
-217.961359865
-219.187109619
-221.754186674
-217.168466572
-232.413998785
-214.433023911
-213.13539306
-230.802074366
-230.268707965
-212.326891599
-216.97318209
-218.92450512
-220.081141256
-203.951055518
-235.263318314
-218.77054206
-225.310351951
-215.318830818
-217.890742136
-221.129976599
-222.293741757
-223.576616702
-221.960236425
-276.097876505
-221.173397034
-217.742174381
-222.334798512
-223.713090842
-225.449516377
-219.034579362
-242.3760189
-209.13747157
-241.713652841
-212.375028049
-240.596920101
-245.197262421
-231.679133878
-207.0846556
-220.875810341
-210.700212886
-220.506355764
-214.286495528
-229.184875911
-234.456687406
-237.146410984
-231.048846872
-231.003769652
-230.606176382
-213.734053083
-210.001821572
-208.859187881
-229.167764153
