-217.098036347
-220.083862203
-216.305309565
-219.187329009
-217.919881108
-208.672715862
-206.21348904
-225.911082051
-222.440093028
-212.835506123
-212.173099605
-213.366624632
-215.994448521
-215.110027435
-204.479496683
-215.300676767
-213.031811068
-216.423757286
-210.18092026
-196.433364612
-215.617601025
-227.376501496
-210.501264896
-213.112728267
-213.222164803
-215.258983125
-214.435660427
-212.081498496
-220.275694738
-208.919289186
-216.763493423
-208.953691578
-212.210854816
-212.385769623
-222.586371305
-206.713859381
-199.001252795
-209.243383301
-217.364821971
-218.297880157
-206.564779152
-214.169645001
-211.325497358
-221.144623741
-211.794061026
-211.117999233
-218.34888155
-222.876554846
-209.130360754
-211.858958243
-208.034412391
-199.147823073
-224.745561944
-211.223017037
-218.410459293
-209.203027446
-202.240316747
-215.665248162
-215.307059375
-212.204111448
-217.842488284
-211.592807941
-210.663096376
-222.157715211
-217.849365429
-202.909095649
-216.338410693
-218.375685928
-230.360313606
-212.185269413
-206.395223567
-216.512001684
-208.545048784
-224.489724012
-214.995568009
-208.307462708
-206.358397597
-212.384025921
-210.506702323
-210.500476435
-214.593167228
-207.722850024
-225.587938527
-199.103803869
-219.622976759
-211.673170748
-208.619804107
-212.542459236
-222.636732184
-205.467775728
-207.171591469
-205.949490804
-234.238416427
-203.675775597
-212.361778296
-211.879096883
-216.138397221
-213.868867347
