-233.258259985
-234.029251273
-221.126754159
-233.20229419
-230.143789275
-219.499314961
-218.889065472
-232.95721736
-234.812866995
-224.24347473
-224.478775548
-227.959671533
-225.541043122
-224.473548735
-217.587545177
-229.750592648
-225.643179516
-228.310374797
-220.497053597
-205.649277899
-230.336786346
-239.97876609
-222.242895423
-225.054193494
-226.350454107
-231.169148193
-220.736231641
-221.131582749
-238.044123379
-218.96989749
-228.317176545
-216.91643295
-222.429384106
-226.275081537
-232.224539261
-217.629237583
-211.135773501
-215.619752181
-228.862892993
-233.506041043
-211.398952965
-229.183581165
-225.00328179
-240.495774326
-223.077899617
-219.936296064
-231.086737838
-233.470435279
-214.139332675
-224.782534869
-221.933549983
-210.770065179
-238.196196468
-227.919532623
-228.376696302
-223.639243806
-210.650438772
-226.676304919
-227.25455548
-223.391171078
-232.021880921
-227.015326489
-221.932877683
-230.614806539
-226.179325576
-213.039709157
-230.893432842
-233.456009243
-242.327180717
-220.438204868
-222.812082578
-225.214322549
-218.3614285
-238.953860657
-231.111952815
-218.2757751
-217.005356766
-227.043130972
-225.008244971
-222.616418561
-224.130814762
-219.048606064
-236.727502177
-210.2237833
-232.524294062
-222.357895509
-218.384074481
-223.17482144
-228.458009138
-213.284539341
-219.693707589
-214.279221509
-253.059030253
-215.048032198
-222.738315128
-224.232662741
-229.542220867
-229.00991079
