-190.145396725
-134.375170126
-177.571272604
-198.412381976
-186.894603751
-168.822319787
-212.212952517
-172.486657248
-188.944312209
-202.790353622
-196.697098732
-218.192721122
-271.266820547
-196.544243362
-179.007080904
-141.792484367
-189.239689714
-131.190310857
-173.396337786
-145.238532194
-222.281684826
-194.36179822
-189.449503439
-223.941092788
-187.377513165
-190.552936258
-206.155494251
-165.118217673
-193.089672401
-219.904997433
-139.926484781
-162.052669915
-154.383627482
-168.891142935
-188.655828015
-240.40180539
-159.684633894
-189.666722662
-187.368665639
-182.051995036
-193.297434896
-226.131736246
-154.99209262
-190.245321793
-134.325170802
-150.324787593
-184.315601481
-215.044252573
-252.790683129
-217.708859925
-220.203276197
-153.557295197
-165.399705734
-197.686300011
-131.059470347
-224.931509549
-176.7644232
-182.131148539
-191.185008447
-164.743316281
-135.446057752
-213.820286041
-238.404772432
-156.410115802
-224.240690354
-196.939101134
-162.262686472
-193.13247676
