-177.880236402
-128.922187079
-167.8237417
-212.600207017
-165.504507318
-170.874222756
-195.893997373
-176.560344582
-174.752107655
-185.804258274
-187.781130772
-194.417105175
-250.146502057
-197.752114937
-170.526348511
-139.610021283
-180.548514657
-134.371059866
-159.750613804
-143.949056544
-223.88014385
-177.980509412
-176.688926863
-215.906910036
-186.376231017
-186.687499403
-179.164541244
-159.913344564
-182.438619053
-207.106394737
-133.979113821
-160.068619476
-147.454727891
-154.053543521
-171.474082945
-221.173565698
-148.182927014
-174.47849731
-175.204675144
-175.006702806
-190.585893031
-217.850079768
-155.032438721
-183.593676504
-134.000262358
-141.967139865
-166.268179522
-205.549367761
-232.507175431
-208.02334127
-219.226691777
-137.926040766
-164.118662224
-194.372638002
-120.547146141
-201.088675876
-170.775753952
-170.020331467
-177.386114645
-159.582319939
-127.943439678
-206.22415942
-219.71242721
-149.883025548
-212.179245125
-197.853283848
-148.463068791
-186.456326365
