-346.250238367
-287.564375999
-288.171001093
-281.906011596
-317.350933954
-351.029140403
-337.897097396
-286.508087278
-264.803112604
-325.408321136
-313.724714951
-371.180578207
-337.261189572
-264.021975709
-289.563981267
-294.445985141
-276.279887515
-307.23799273
-279.721229806
-318.751748189
-310.448573743
-308.712497991
-303.653445717
-288.7145608
-308.847706896
-322.541330493
-353.332218367
-304.81659796
-280.722213035
-331.619993251
-341.935599606
-303.833032701
-290.719800895
-331.464040402
-306.917330069
-322.656211884
-304.428966258
-249.220122558
-300.619979181
-296.476737198
-307.242801168
-325.648722394
-308.553929806
-272.367360922
-290.365722007
-311.251119668
-309.892692819
-273.067954652
-345.945974597
