-361.363850812
-298.475424444
-296.816859725
-285.987091277
-331.28422484
-354.23682463
-343.061189133
-316.693586155
-285.546320935
-354.120345181
-313.67680923
-361.570331363
-357.730354193
-239.183472452
-309.068226492
-282.388002616
-273.917670746
-326.215034227
-272.879073912
-318.899717849
-328.098431319
-288.113780261
-324.539815618
-292.477090713
-317.868633818
-299.219371294
-339.481211705
-320.857987054
-277.077623238
-322.664121774
-345.76094065
-318.297226082
-304.924504547
-304.415860156
-297.905337422
-326.367594434
-312.861703466
-246.061437122
-283.464062294
-304.181963772
-298.605345073
-324.804500844
-313.457622938
-267.222324517
-290.019767353
-352.799912477
-322.058285491
-273.198453952
-326.775470187
