-342.218235342
-274.153468098
-293.184841059
-286.845830559
-333.849182579
-350.287246547
-327.313094236
-294.880914659
-277.479523109
-357.731434734
-315.085894695
-352.380673682
-354.557122229
-258.614118776
-294.048400211
-293.77010217
-266.270734917
-326.150451085
-284.63923459
-308.969179005
-328.091393025
-318.52349956
-317.605475952
-303.129180466
-308.390753892
-311.314645438
-365.484361009
-312.762454864
-283.057940834
-328.113373907
-334.88988367
-318.85147385
-295.306172682
-337.111238819
-295.73446975
-319.17290585
-311.802614823
-245.92626291
-284.38242094
-309.712819913
-302.461999487
-313.352808482
-289.964893909
-282.394133374
-296.552335852
-340.622226994
-315.422449159
-265.116094415
-331.948560007
